image_width: 848
image_height: 480
camera_name: cam0
camera_matrix:
  rows: 3
  cols: 3
  data: [425.7740478515625, 0.0, 423.6597595214844, 0.0, 425.7740478515625, 242.0006561279297, 0.0, 0.0, 1.0]
distortion_model: plumb_bob
distortion_coefficients:
  rows: 1
  cols: 5
  data: [0.0, 0.0, 0.0, 0.0, 0.0]

#D: [-0.05808079615235329, 0.07171835750341415, 6.980149919399992e-05, 0.00030570424860343337, -0.022884463891386986]
#K: [631.0989379882812, 0.0, 642.4052734375, 0.0, 630.3419189453125, 367.4750671386719, 0.0, 0.0, 1.0]
#R: [1.0, 0.0, 0.0, 0.0, 1.0, 0.0, 0.0, 0.0, 1.0]
#P: [631.0989379882812, 0.0, 642.4052734375, 0.0, 0.0, 630.3419189453125, 367.4750671386719, 0.0, 0.0, 0.0, 1.0, 0.0]
#binning_x: 0
#binning_y: 0
#roi: 
#  x_offset: 0
#  y_offset: 0
#  height: 0
#  width: 0
#  do_rectify: False


