image_width: 640
image_height: 360
camera_name: cam0
camera_matrix:
  rows: 3
  cols: 3
  data: [313.772014645, 0.0, 321.009604555, 0.0,313.782795045, 184.090514483, 0.0, 0.0, 1.0]
distortion_model: equidistant
distortion_coefficients:
  rows: 1
  cols: 4
  data: [0.2942111716406521, 0.05407773887063185, 0.2835947543669885, -0.06275076259455532]

